---
version: 2
money:
  phuongaz: 9001000.000000
  sweetestcargo25: 563948.200000
  arutavm: 1000
  yokodz: 10985.980000
  thinkers2k18: 1000
  gamerl0527: 1000
  hoangdzx: 1000
  davidmc2k5: 1000
  skeletonbin: 1000
  roboto ranger: 1000
  hdz hunter: 1000
  zzznarutozzz159: 1000
  noobsuri: 1000
  tonyboyvn56: 4035.400000
  zinnermc: 1000
  weptantelope389: 1000
  khoavudk2k4: 2058.250000
  lotomo2: 1738.200000
  iamtunghihi1: 1000
  binzz270303: 1000
  jeffthekillervn: 1000
  concuthan: 1000
  dophat2005: 1000
  zenkinmurad654: 3914.000000
  tuyetyuki2k4: 32658.500000
  likeapple467563: 35045.700000
  tigerboytm: 1000
  tarmaclettuce25: 1000
  sonquang262: 1000
  ngkhoi2k18: 1000
  wilfredvn: 1000
  cozyfireboyvn: 1000
  kingamingvn: 1000
  bittydiagram743: 2873.150000
...
